Rock paper scissor lizard spock Game 1 result 
In the game 
 1=Rock 
 2=paper 
 3=scissor 
 4=lizard 
 5=spock 

The choices of player 1 :[1, 4, 3, 3, 3, 4, 4, 4, 1, 4, 2, 4, 2, 2, 2, 2, 4, 1, 4, 1, 2, 2, 2, 4, 4, 4, 3, 1, 2, 4, 4, 4, 2, 2, 4, 4, 4, 2, 2, 4, 2, 4, 4, 2, 4, 4, 4, 2, 4, 4, 3, 3, 2, 2, 4, 2, 2, 4, 4, 4, 4, 4, 4, 2, 4, 4, 4, 3, 4, 2, 4, 4, 4, 2, 2, 4, 2, 3, 3, 4, 3, 4, 4, 3, 3, 1, 3, 1, 3, 4, 2, 2, 4, 4, 2, 4, 4, 2, 2, 2]
The choices of player 2 :[4, 1, 5, 1, 3, 3, 5, 1, 2, 2, 5, 4, 4, 5, 4, 3, 3, 5, 4, 5, 5, 2, 4, 4, 3, 1, 2, 5, 2, 5, 4, 3, 5, 2, 5, 2, 5, 1, 1, 2, 1, 2, 3, 2, 2, 4, 4, 4, 2, 1, 1, 1, 4, 1, 5, 5, 2, 5, 2, 2, 1, 3, 2, 4, 3, 1, 5, 3, 3, 4, 3, 3, 5, 4, 2, 1, 4, 4, 1, 1, 3, 1, 4, 3, 3, 5, 3, 2, 5, 3, 5, 5, 2, 4, 2, 3, 4, 5, 5, 5]
The result of the game :Winner is player 2
